FR1,0,0,0
FR2,0,0,0
FR3,0,0,0
FR4,1,1,0
FR5,1,0,0
FR6,0,1,0
FR7,1,1,0
FR8,1,1,0
FR9,1,0,1
FR10,1,1,0
FR11,1,1,1
FR12,1,1,0
FR13,1,1,1
FR14,1,1,0
FR15,1,0,1
FR16,1,0,0
FR17,1,0,0
FR18,1,1,1
FR19,1,1,1
FR20,1,1,1
FR21,1,1,1
FR22,1,1,0
FR23,1,1,0
FR24,0,0,0
FR25,1,0,0
FR26,0,1,0
FR27,1,0,0
FR28,1,1,0
FR29,1,0,0
FR30,1,1,0
FR31,1,0,0
FR32,1,1,0
FR33,1,1,0
FR34,1,0,1
FR35,1,1,0
FR36,1,0,1
FR37,1,0,0
FR38,1,1,0
FR39,1,1,0
FR40,1,1,0
FR41,0,0,0
FR42,1,0,0
FR43,1,0,0
FR44,0,1,0
FR45,1,1,1
FR46,1,0,0
FR47,1,1,1
FR48,0,1,0
FR49,1,1,0
FR50,1,0,0
FR51,1,1,0
FR52,1,1,0
FR53,1,0,0
FR54,1,1,1
FR55,1,1,1
FR56,0,0,0
FR57,1,1,0
FR58,1,0,0
FR59,1,0,0
FR60,0,0,0
FR61,1,1,0
FR62,1,0,1
FR63,1,1,0
FR64,1,1,0
FR65,1,1,1
FR66,0,0,0
FR67,0,0,0
FR68,1,0,0
FR69,1,1,0
FR70,1,0,0
FR71,1,1,0
FR72,1,1,0
FR73,1,1,0
FR74,1,1,1
FR75,1,1,1
FR76,1,1,0
FR77,1,1,0
FR78,1,1,0
FR79,0,0,0
FR80,1,1,0
